segment,orders,delivered_orders,reviewed_orders,low_review_orders,late_orders,gross_payment_volume,dimension,low_review_rate,late_rate,share_of_orders,share_of_low_reviews,share_of_late_orders,share_of_payment,low_review_contribution_index,late_contribution_index,expected_low_reviews_at_average,excess_low_reviews,expected_late_orders_at_average,excess_late_orders
15_plus_days_late,1555,1555,1504,1186,1555,288339.75,delivery_delay_bucket,0.788563829787234,1.0,0.015637413139449524,0.08160737631597055,0.1986712661300626,0.018011247003452233,5.2187261146214965,12.704867765427366,221.51583513220436,964.4841648677957,126.13683948672235,1428.8631605132778
1_3_days_late,2662,2662,2636,506,2662,419148.16,delivery_delay_bucket,0.19195751138088013,1.0,0.02676964230045957,0.03481731232367715,0.3401047655551297,0.026182241750582487,1.300626729819226,12.704867765427366,388.2418493407518,117.7581506592482,215.9332904910964,2446.066709508904
4_7_days_late,1819,1819,1773,1087,1819,324986.85,delivery_delay_bucket,0.6130851663846588,1.0,0.018292253698172785,0.07479529347003372,0.23240066436693496,0.020300421389086592,4.0889053204802766,12.704867765427368,261.13535617646164,825.8646438235384,147.55171127096332,1671.4482887290367
8_14_days_late,1791,1790,1749,1367,1791,319216.12,delivery_delay_bucket,0.7815894797026872,1.000558659217877,0.01801067969952032,0.09406179040803689,0.22882330394787276,0.019939950647816156,5.2225563930572845,12.704867765427368,257.6005290200967,1109.3994709799033,145.19932005223987,1645.80067994776
on_or_before_estimate,88649,88644,88168,8168,0,14070140.55,delivery_delay_bucket,0.09264132111423645,0.0,0.8914733359479491,0.5620312392486067,0.0,0.878896429713001,0.6304521028113198,0.0,12985.776696766086,-4817.776696766086,7190.529903190364,-7190.529903190364
unknown,2965,8,2843,2219,0,587040.69,delivery_delay_bucket,0.7805135420330637,0.0,0.02981667521444877,0.15268698823367507,0.0,0.03666970949606161,5.120858953438409,0.0,418.72973356439957,1800.2702664356004,0.6489355086133626,-0.6489355086133626
cross_state,63313,61898,62807,9789,5724,11078349.69,route_type,0.1558584234241406,0.09247471646902969,0.6366890920244165,0.6735704947361179,0.7313146799540053,0.6920131291547852,1.0579268644204871,1.1486213429991667,9250.49538374226,538.50461625774,5020.97626401874,703.02373598126
same_state,35353,34580,35110,4143,2103,4767930.48,route_type,0.11800056963827969,0.0608155002891845,0.35551734194145274,0.28507534576481114,0.26868532004599466,0.2978305057508324,0.8018605905637027,0.7557586883911904,5171.157560832244,-1028.1575608322437,2805.02373598126,-702.02373598126
unknown,775,0,756,601,0,162591.95,route_type,0.794973544973545,,0.007793566034130791,0.04135415949907108,0.0,0.010156365094382428,5.306192225480164,0.0,111.34705542549634,489.65294457450364,0.0,0.0
AC,81,80,81,13,3,19680.62,customer_state,0.16049382716049382,0.0375,0.0008145533532446375,0.0008945159292644327,0.0003832886163280951,0.001229357062288783,1.0981673891603019,0.4705506579787914,11.93004165273175,1.0699583472682495,6.489355086133626,-3.489355086133626
AL,413,397,410,98,95,96962.06,customer_state,0.23902439024390243,0.23929471032745592,0.004153216480123892,0.006743273928301108,0.012137472850389677,0.0060567702254841925,1.623626883060994,2.922427209965133,60.38663058790145,37.61336941209855,32.203424614938115,62.796575385061885
AM,148,145,146,21,6,27966.93,customer_state,0.14383561643835616,0.041379310344827586,0.0014883197071630413,0.0014449872703502374,0.0007665772326561902,0.0017469644201268065,0.9708849942628242,0.5150622067065149,21.50353186788686,-0.5035318678868599,11.761956093617197,-5.761956093617197
AP,68,67,67,5,3,16262.8,customer_state,0.07462686567164178,0.04477611940298507,0.000683822568155992,0.00034404458817862793,0.0003832886163280951,0.001015861697070012,0.503119674898102,0.5605088720041486,9.86805914485219,-4.8680591448521895,5.434834884636912,-2.4348348846369117
BA,3380,3256,3340,633,457,616645.82,customer_state,0.18952095808383235,0.14035626535626536,0.03399000412304784,0.0435560448634143,0.058387632553979815,0.03851900467301628,1.2814368808469767,1.7177883339645876,491.930112594124,141.069887405876,264.11675200563855,192.88324799436145
CE,1336,1279,1326,263,196,279464.03,customer_state,0.19834087481146304,0.1532447224394058,0.013435102221417725,0.01809674533819583,0.025041522933435544,0.017456821936310155,1.3469748901014458,1.863887785945931,195.2992003891642,67.70079961083579,103.74856443956135,92.25143556043865
DF,2140,2080,2128,323,147,355141.08,customer_state,0.15178571428571427,0.07067307692307692,0.021520298468438573,0.022225280396339364,0.018781142200076657,0.022184016296583425,1.032758928921674,0.8727175521111321,313.4213411976934,9.57865880230662,168.72323223947427,-21.72323223947427
ES,2033,1995,2006,300,244,325967.55,customer_state,0.14955134596211367,0.12230576441102757,0.020444283545016644,0.02064267529071768,0.031174140794685064,0.020361681170078583,1.009704020454627,1.5248341046553258,295.4526364861715,4.547363513828486,161.8282924604573,82.1717075395427
GO,2020,1957,2007,300,160,350092.31,customer_state,0.14947683109118087,0.08175779253960143,0.020313552759927998,0.02064267529071768,0.020442059537498402,0.02186864304841483,1.0162021156357706,1.0063261596378112,295.59992095102007,4.400079048979933,158.74584879454383,1.2541512054561679
MA,747,717,742,162,141,152523.02,customer_state,0.2183288409703504,0.19665271966527198,0.007511992035478324,0.011147044656987546,0.018014564967420467,0.009527405732066027,1.4838999568078963,2.398107570181069,109.28507291761677,52.71492708238323,58.16084495947262,82.83915504052737
MG,11635,11354,11554,1542,638,1872257.26,customer_state,0.13346027349835554,0.05619165051964065,0.11700405265433775,0.10610335099428886,0.08151271240577489,0.11695122841670873,0.9068348368047339,0.6966657184652051,1701.7247068600327,-159.7247068600327,921.0017205995148,-283.0017205995148
MS,715,701,713,104,81,137534.84,customer_state,0.1458625525946704,0.11554921540656206,0.007190193179875504,0.0071561274341154614,0.010348792640858567,0.008591163635330482,0.9952621932529728,1.4392927118875758,105.01382343700911,-1.0138234370091084,56.862973942245894,24.137026057754106
MT,907,886,900,124,60,187029.29,customer_state,0.13777777777777778,0.06772009029345373,0.009120986313492422,0.008532305786829973,0.007665772326561901,0.011682852395725179,0.9354586766793378,0.8404543174483374,132.55601836368612,-8.556018363686121,71.8696075789299,-11.869607578929902
PA,975,946,962,190,117,218295.85,customer_state,0.19750519750519752,0.12367864693446089,0.009804808881648414,0.013073694350787863,0.014948256036795707,0.013635929399878299,1.3333961435248163,1.524584131851284,141.6876551842956,48.31234481570439,76.73662389353012,40.26337610646988
PB,536,517,530,88,57,141545.72,customer_state,0.1660377358490566,0.1102514506769826,0.005390130831347231,0.006055184751943852,0.007282483710233806,0.008841704708426393,1.123383632309792,1.3510773556517908,78.06076636972627,9.939233630273733,41.93745724413856,15.062542755861443
PE,1652,1593,1635,274,172,324850.44,customer_state,0.1675840978593272,0.10797237915881984,0.01661286592049557,0.018853643432188812,0.021975214002810783,0.020291900488989604,1.1348820560171233,1.3227828424052706,240.81010002736312,33.18989997263688,129.21928315263582,42.780716847364175
PI,495,476,490,90,76,108523.97,customer_state,0.1836734693877551,0.15966386554621848,0.004977826047606118,0.006192802587215303,0.009709978280311742,0.006778989124687942,1.244077741566216,1.950646363984808,72.16938777578467,17.83061222421533,38.61166276249507,37.38833723750493
PR,5045,4923,5019,627,246,811156.38,customer_state,0.12492528392109982,0.049969530773918344,0.050733600828632056,0.04314319135759995,0.03142966653890379,0.050669177311162134,0.850386935934806,0.6195039584331282,739.2207290748229,-112.22072907482288,399.338688612948,-153.33868861294798
RJ,12852,12350,12687,2634,1664,2144379.69,customer_state,0.20761409316623317,0.13473684210526315,0.12924246538148249,0.1812426890525012,0.2125974191899834,0.1339494546477769,1.4023462684461385,1.6449501993208169,1868.5980055334287,765.4019944665713,1001.7941914218785,662.2058085781215
RN,485,474,480,68,51,102718.13,customer_state,0.14166666666666666,0.10759493670886076,0.004877263905230237,0.00467900639922934,0.006515906477577616,0.006416325224540553,0.9593506708160099,1.3359757856428778,70.69654312729926,-2.6965431272992646,38.44942888534173,12.550571114658268
RO,253,243,252,39,7,60866.2,customer_state,0.15476190476190477,0.02880658436213992,0.002544222202109794,0.002683547787793298,0.0008943401047655552,0.003802029246267725,1.054761563501792,0.35151808046636984,37.11568514183211,1.8843148581678903,19.711416074130888,-12.711416074130888
RR,46,41,46,11,5,10064.62,customer_state,0.2391304347826087,0.12195121951219512,0.0004625858549290534,0.0007568980939929815,0.0006388143605468251,0.0006286901366040771,1.6362326818425232,1.380963887546453,6.775085383032846,4.224914616967154,3.325794481643483,1.674205518356517
RS,5466,5345,5443,730,382,890898.54,customer_state,0.13411721477126584,0.0714686623012161,0.05496726702265665,0.05023050987407968,0.048805417145777436,0.05565030024113904,0.9138258566389239,0.8878996499072913,801.669342170604,-71.66934217060395,433.5700366923029,-51.57003669230289
SC,3637,3546,3609,529,346,623086.43,customer_state,0.14657799944582986,0.09757473209249859,0.03657445118210798,0.036399917429298836,0.04420595374984029,0.03892131971131019,0.9952279871011563,1.2086566529661449,531.5496336383814,-2.5496336383813514,287.640664192873,58.359335807127025
SE,350,335,349,76,51,75246.25,customer_state,0.2177650429799427,0.15223880597014924,0.003519674983155841,0.005229477740315145,0.006515906477577616,0.004700284282113436,1.4857842742133667,1.851280731533702,51.4022782321405,24.597721767859497,27.174174423184557,23.825825576815443
SP,41746,40501,41472,5251,2387,5998226.96,customer_state,0.12661554783950618,0.058936816374904326,0.41980671956235355,0.36131562650519505,0.3049699757250543,0.37468142134175536,0.8606713748695228,0.726453297467425,6108.181326198656,-857.1813261986563,3285.3171292937245,-898.3171292937245
TO,280,274,279,38,35,61485.33,customer_state,0.13620071684587814,0.12773722627737227,0.002815739986524673,0.0026147388701575724,0.004471700523827776,0.003840703426144927,0.9286151713833541,1.5881084706784208,41.092365692742696,-3.092365692742696,22.22604117000767,12.773958829992331
AC,1,0,1,1,0,299.84,main_seller_state,1.0,,1.0056214237588117e-05,6.88089176357256e-05,0.0,1.872961428840497e-05,6.842427578614189,0.0,0.14728446484854013,0.8527155351514599,0.0,0.0
AM,3,3,3,2,2,1258.8,main_seller_state,0.6666666666666666,0.6666666666666666,3.0168642712764353e-05,0.0001376178352714512,0.00025552574421873004,7.86313982999072e-05,4.5616183857427925,8.469911843618243,0.4418533945456204,1.5581466054543796,0.24335081573001097,1.756649184269989
BA,566,547,564,73,32,304722.67,main_seller_state,0.12943262411347517,0.05850091407678245,0.005691817258474874,0.005023050987407968,0.0040884119074996806,0.019034612039864302,0.8825039103159643,0.7182964107662115,83.06843817457663,-10.068438174576627,44.37096540143867,-12.370965401438667
CE,88,84,88,14,8,24450.36,main_seller_state,0.1590909090909091,0.09523809523809523,0.0008849468529077544,0.0009633248469001583,0.0010221029768749201,0.0015273006003623446,1.0885680238704392,1.154987978675215,12.961032906671532,1.038967093328468,6.813822840440307,1.1861771595596933
DF,823,807,822,125,49,116638.94,main_seller_state,0.15206812652068127,0.06071871127633209,0.008276264317535021,0.0086011147044657,0.006260380733358886,0.00728589366731727,1.0392508472986313,0.7564259058395395,121.0678301055,3.9321698945000065,65.46136943137294,-16.461369431372944
ES,316,309,312,43,22,59843.61,main_seller_state,0.13782051282051283,0.07119741100323625,0.003177763699077845,0.0029587834583362006,0.0028107831864060302,0.0037381527912411106,0.9310898287354751,0.8845161102512723,45.95275303274452,-2.9527530327445177,25.06513402019113,-3.065134020191131
GO,460,448,457,44,18,78793.56,main_seller_state,0.0962800875273523,0.04017857142857143,0.004625858549290534,0.003027592375971926,0.0022997316979685703,0.004921868287120779,0.6544930727370093,0.49714699951672303,67.30900043578283,-23.309000435782835,36.3403884823483,-18.340388482348303
MA,391,388,387,64,90,48454.36,main_seller_state,0.165374677002584,0.23195876288659795,0.003931979766896954,0.004403770728686438,0.011498658489842852,0.003026719161524541,1.1199881458601229,2.924394114804253,56.99908789638503,7.000912103614972,31.473372167748085,58.52662783225192
MG,7861,7666,7804,954,431,1228057.52,main_seller_state,0.12224500256278831,0.05622228019827811,0.07905190012168019,0.06564370742448221,0.055065797879136326,0.07671105814292681,0.830387471059399,0.6965777899630067,1149.4079636780073,-195.40796367800726,621.8424511287546,-190.84245112875465
MS,47,47,46,3,4,9561.53,main_seller_state,0.06521739130434782,0.0851063829787234,0.00047264206916664155,0.00020642675290717677,0.0005110514884374601,0.000597264437389984,0.4367506965072886,1.0812653417384992,6.775085383032846,-3.775085383032846,3.812496113103505,0.1875038868964949
MT,136,135,136,11,6,21718.02,main_seller_state,0.08088235294117647,0.044444444444444446,0.001367645136311984,0.0007568980939929815,0.0007665772326561902,0.0013566239918218548,0.5534316423879122,0.5605088720041486,20.030687219401457,-9.030687219401457,10.950786707850494,-4.950786707850494
PA,8,8,8,0,1,1393.11,main_seller_state,0.0,0.125,8.044971390070494e-05,0.0,0.00012776287210936502,8.702112113567185e-05,0.0,1.588108470678421,1.178275718788321,-1.178275718788321,0.6489355086133626,0.3510644913866374
PB,34,33,33,7,2,18609.47,main_seller_state,0.21212121212121213,0.06060606060606061,0.000341911284077996,0.00048166242345007914,0.00025552574421873004,0.0011624472892597507,1.4087350897146858,0.747345162672198,4.860387340001824,2.1396126599981757,2.6768589730301207,-0.6768589730301207
PE,404,401,401,43,18,103752.47,main_seller_state,0.10723192019950124,0.04488778054862843,0.004062710551985599,0.0029587834583362006,0.0022997316979685703,0.0064809356475764015,0.7282781828723023,0.5660584647962689,59.06107040426459,-16.06107040426459,32.527892369244796,-14.527892369244796
PI,12,11,12,2,0,3184.5,main_seller_state,0.16666666666666666,0.0,0.00012067457085105741,0.0001376178352714512,0.0,0.00019892094684306841,1.1404045964356981,0.0,1.7674135781824816,0.23258642181751843,0.8922863243433735,-0.8922863243433735
PR,7603,7442,7546,1033,485,1460714.67,main_seller_state,0.13689371852637158,0.06517065305025531,0.07645739684838246,0.07107961191770454,0.06196499297304203,0.09124407135310415,0.9296629868089513,0.8104512516417562,1111.408571747084,-78.4085717470839,603.6722568875805,-118.67225688758049
RJ,4305,4179,4270,591,355,936932.37,main_seller_state,0.13840749414519907,0.0849485522852357,0.04329200229281684,0.040666070322713826,0.04535581959882458,0.05852582011880047,0.9393437163672441,1.0476720224684588,628.9046649032664,-37.904664903266394,338.9876863119053,16.012313688094707
RN,49,49,49,5,5,10682.15,main_seller_state,0.10204081632653061,0.10204081632653061,0.0004927544976418178,0.00034404458817862793,0.0006388143605468251,0.0006672643719012978,0.6982068957769578,1.2964150781048331,7.216938777578466,-2.2169387775784664,3.974729990256846,1.0252700097431542
RO,14,14,14,4,0,5553.27,main_seller_state,0.2857142857142857,0.0,0.00014078699932623364,0.0002752356705429024,0.0,0.0003468870235437923,1.9549793081754827,0.0,2.061982507879562,1.938017492120438,1.1356371400733845,-1.1356371400733845
RS,1971,1944,1953,186,84,436151.64,main_seller_state,0.09523809523809523,0.043209876543209874,0.01982079826228618,0.01279845868024496,0.010732081257186662,0.027244370292340118,0.6457085386211259,0.5414555516468285,287.64655984919887,-101.64655984919887,157.6913285930471,-73.6913285930471
SC,3623,3559,3601,477,215,739110.82,main_seller_state,0.13246320466537073,0.06041022759202023,0.03643366418278175,0.032821853712241104,0.02746901750351348,0.04616882529011044,0.9008661206179871,0.7539460583954964,530.371357919593,-53.37135791959304,288.6951843943697,-73.69518439436968
SE,9,9,9,2,0,2044.78,main_seller_state,0.2222222222222222,0.0,9.050592813829306e-05,0.0001376178352714512,0.0,0.00012772792390823345,1.5205394619142643,0.0,1.3255601836368611,0.6744398163631389,0.7300524471900329,-0.7300524471900329
SP,69942,68395,69401,10248,6000,10234351.71,main_seller_state,0.14766357833460614,0.08772571094378244,0.7033517362053882,0.7051537879309159,0.7665772326561902,0.6392924893949369,1.0025620918137628,1.0898917187464499,10221.689144953534,26.310855046465804,5547.993013951366,452.00698604863373
unknown,775,0,756,601,0,162591.95,main_seller_state,0.794973544973545,,0.007793566034130791,0.04135415949907108,0.0,0.010156365094382426,5.306192225480164,0.0,111.34705542549634,489.65294457450364,0.0,0.0
agro_industry_and_commerce,182,177,182,27,9,78379.19,main_product_category,0.14835164835164835,0.05084745762711865,0.0018302309912410373,0.0018578407761645909,0.0011498658489842851,0.004895984514866622,1.0150854100141928,0.6282626916969577,26.805772602434303,0.1942273975656974,14.357698128070647,-5.357698128070647
air_conditioning,252,245,248,41,10,61813.99,main_product_category,0.16532258064516128,0.04081632653061224,0.0025341659878722056,0.002821165623064749,0.0012776287210936501,0.003861233292180236,1.1132521060443719,0.5041614192629907,36.52654728243795,4.473452717562047,19.87364995128423,-9.873649951284229
art,199,192,197,31,15,28185.2,main_product_category,0.15736040609137056,0.078125,0.0020011866332800355,0.0021330764467074933,0.0019164430816404753,0.0017605987347970645,1.0659058037037177,0.9576533491528165,29.015039575162405,1.9849604248375954,15.574452206720702,-0.5744522067207019
arts_and_craftmanship,22,22,22,2,2,2204.07,main_product_category,0.09090909090909091,0.09090909090909091,0.0002212367132269386,0.0001376178352714512,0.00025552574421873004,0.0001376780314989486,0.622038870783108,1.154987978675215,3.240258226667883,-1.240258226667883,1.784572648686747,0.21542735131325297
audio,346,344,343,74,45,55772.03,main_product_category,0.21574344023323616,0.1308139534883721,0.0034794501262054886,0.005091859905043693,0.005749329244921426,0.003483820070642178,1.4634093665244217,1.6523671949255248,50.51857144304927,23.481428556950732,27.90422687037459,17.09577312962541
auto,3879,3792,3859,554,328,685537.62,main_product_category,0.14356050790360197,0.08649789029535865,0.03900805502760431,0.03812014037019198,0.04190622205187173,0.042822355932467776,0.9772376588172881,1.0742966298170087,568.3707498505164,-14.370749850516404,307.59543108273385,20.404568917266147
baby,2833,2757,2809,436,256,480258.19,main_product_category,0.15521537913848343,0.09285455204932898,0.028489254935087138,0.03000068808917636,0.032707295259997445,0.029999501926185664,1.0530527441848874,1.1480572354216045,413.7220617595492,22.277938240450794,223.63939965588008,32.360600344119916
bed_bath_table,9350,9206,9247,1546,809,1249806.86,main_product_category,0.16718935871093327,0.08787747121442538,0.0940256031214489,0.10637858666483176,0.1033601635364763,0.07806963854990179,1.131378934389041,1.0992767938214694,1361.9394464544505,184.0605535455495,746.762536536827,62.23746346317296
books_general_interest,509,493,505,41,34,56133.3,main_product_category,0.08118811881188119,0.06896551724137931,0.005118613046932352,0.002821165623064749,0.004343937651718411,0.0035063869321482217,0.5511582136015357,0.8486552141935766,74.37865474851277,-33.37865474851277,39.99065071829847,-5.990650718298468
books_imported,53,50,53,7,2,5441.41,main_product_category,0.1320754716981132,0.04,0.0005329793545921702,0.00048166242345007914,0.00025552574421873004,0.00033989964809588344,0.9037168500056475,0.479428972280278,7.806076636972627,-0.8060766369726267,4.055846928833516,-2.0558469288335157
books_technical,258,254,255,26,28,23374.66,main_product_category,0.10196078431372549,0.11023622047244094,0.0025945032732977344,0.0017890318585288654,0.0035773604190622206,0.0014601066099339918,0.6895469652867011,1.3788228582634352,37.557538536377734,-11.557538536377734,20.60370239847426,7.396297601525738
cds_dvds_musicals,12,12,12,0,0,954.99,main_product_category,0.0,0.0,0.00012067457085105741,0.0,0.0,5.965379652242484e-05,0.0,0.0,1.7674135781824816,-1.7674135781824816,0.9734032629200439,-0.9734032629200439
christmas_supplies,128,125,126,16,12,12051.39,main_product_category,0.12698412698412698,0.096,0.001287195422411279,0.0011009426821716095,0.0015331544653123803,0.0007527944448343809,0.8553034473267737,1.1910813530088158,18.557842570916055,-2.557842570916055,10.13961732208379,1.8603826779162098
cine_photo,64,62,64,8,5,8258.07,main_product_category,0.125,0.08064516129032258,0.0006435977112056395,0.0005504713410858048,0.0006388143605468251,0.0005158433360013621,0.8553034473267737,0.992567794174013,9.426205750306568,-1.4262057503065684,5.02925019175356,-0.029250191753559918
computers,181,177,178,23,13,232937.57,main_product_category,0.12921348314606743,0.07344632768361582,0.0018201747770034494,0.0015826051056216886,0.0016609173374217453,0.014550529747126244,0.869479747558709,0.9125043146439545,26.216634743040142,-3.2166347430401423,14.357698128070647,-1.3576981280706466
computers_accessories,6671,6513,6631,1070,503,1061078.63,main_product_category,0.16136329362087165,0.07723015507446646,0.06708500517895033,0.07362554187022638,0.0642647246710106,0.06628066125123122,1.0974962538026056,0.9579595991620395,976.6432864106696,93.35671358933041,528.3146209498539,-25.31462094985386
consoles_games,1057,1013,1047,149,83,177396.32,main_product_category,0.14231136580706782,0.08193484698914116,0.01062941844913064,0.010252528727723113,0.010604318385077296,0.01108112543283905,0.9645427712521419,0.9976386230184213,154.2068346964215,-5.2068346964215095,82.17145877816704,0.828541221832964
construction_tools_construction,739,727,734,103,67,165871.7,main_product_category,0.14032697547683923,0.0921595598349381,0.007431542321577619,0.007087318516479736,0.008560112431327456,0.010361235867002478,0.9536807044617881,1.151862165471764,108.10679719882846,-5.10679719882846,58.97201434523932,8.027985654760677
construction_tools_lights,231,229,228,22,21,47350.29,main_product_category,0.09649122807017543,0.09170305676855896,0.0023229854888828553,0.001513796187985963,0.0026830203142966655,0.0029577530287624035,0.6516597693918275,1.154987978675215,33.58085798546715,-11.580857985467148,18.575778934057503,2.424221065942497
construction_tools_safety,162,154,161,31,7,44110.46,main_product_category,0.19254658385093168,0.045454545454545456,0.001629106706489275,0.0021330764467074933,0.0008943401047655552,0.0027553758734128733,1.309353425537283,0.5489757676419232,23.712798840614962,7.287201159385038,12.49200854080723,-5.49200854080723
cool_stuff,3601,3528,3568,435,242,719340.65,main_product_category,0.1219170403587444,0.06859410430839002,0.03621242746955481,0.02993187917154063,0.030918615050466336,0.04493387445461086,0.8265637313793868,0.8538122741553521,525.5109705795912,-90.51097057959123,286.1805592984929,-44.18055929849288
costruction_tools_garden,191,187,191,25,13,31792.510000000002,main_product_category,0.13089005235602094,0.06951871657754011,0.0019207369193793304,0.0017202229408931396,0.0016609173374217453,0.0019859306615536885,0.8956057040070927,0.8647292196364177,28.131332786071166,-3.131332786071166,15.16886751383735,-2.16886751383735
costruction_tools_tools,97,97,94,8,6,17934.170000000002,main_product_category,0.0851063829787234,0.061855670103092786,0.0009754527810460474,0.0005504713410858048,0.0007665772326561902,0.0011202644299715975,0.5643239240094177,0.7858681092016928,13.844739695762772,-5.844739695762772,7.868343041937021,-1.8683430419370213
diapers_and_hygiene,27,25,27,5,1,2141.27,main_product_category,0.18518518518518517,0.04,0.00027151778441487917,0.00034404458817862793,0.00012776287210936502,0.00013375520673470154,1.2671162182618867,0.47055065797879136,3.9766805509105834,1.0233194490894166,2.027923464416758,-1.0279234644167579
drinks,291,281,290,34,19,28090.32,main_product_category,0.11724137931034483,0.06761565836298933,0.002926358343138142,0.00233950319961467,0.0024274945700779355,0.001754672021204202,0.799458892346675,0.829527448601787,42.71249480607664,-8.712494806076641,22.79385974004436,-3.793859740044361
dvds_blu_ray,58,55,57,10,4,7296.25,main_product_category,0.17543859649122806,0.07272727272727272,0.0005832604257801109,0.0006880891763572559,0.0005110514884374601,0.0004557629010531442,1.179728892864515,0.8761977769260252,8.395214496366787,1.604785503633213,4.4614316217168675,-0.46143162171686747
electronics,2536,2503,2517,350,247,207339.7,main_product_category,0.1390544298768375,0.09868158210147823,0.025502559306523467,0.024083121172503958,0.03155742941101316,0.012951549518655283,0.9443413456289298,1.2374220575948578,370.71499802377554,-20.714998023775536,203.03569725740581,43.964302742594185
fashio_female_clothing,38,35,38,8,2,3337.65,main_product_category,0.21052631578947367,0.05714285714285714,0.0003821361410283485,0.0005504713410858048,0.00025552574421873004,0.00020848751710810716,1.4405110691819343,0.6686772508119666,5.596809664244525,2.4031903357554754,2.8390928501834614,-0.8390928501834614
fashion_bags_accessories,1855,1811,1846,214,120,184282.67,main_product_category,0.11592632719393282,0.06626173384870238,0.018654277410725957,0.014725108374045276,0.015331544653123802,0.011511283781808358,0.7893690036784023,0.8218782381947624,271.8871221104051,-57.88712211040507,146.90277576234996,-26.90277576234996
fashion_childrens_clothes,7,6,7,1,0,675.23,main_product_category,0.14285714285714285,0.0,7.039349966311682e-05,6.88089176357256e-05,0.0,4.217848671277911e-05,0.9774896540877414,0.0,1.030991253939781,-0.03099125393978097,0.48670163146002193,-0.48670163146002193
fashion_male_clothing,112,106,111,29,5,13015.22,main_product_category,0.26126126126126126,0.04716981132075472,0.001126295994609869,0.0019954586114360423,0.0006388143605468251,0.0008130004351611997,1.771699998034031,0.5671815966708645,16.348575598187953,12.651424401812047,8.598395489127054,-3.5983954891270535
fashion_shoes,238,233,234,29,15,28382.69,main_product_category,0.12393162393162394,0.06437768240343347,0.002393378988545972,0.0019954586114360423,0.0019164430816404753,0.0017729350192348214,0.8337411755454264,0.8007269600059265,34.46456477455839,-5.46456477455839,18.900246688364184,-3.9002466883641844
fashion_sport,26,25,26,3,2,2715.11,main_product_category,0.11538461538461539,0.08,0.00026146157017729107,0.00020642675290717677,0.00025552574421873004,0.00016960033034482132,0.7895108744554833,0.9772975204174897,3.8293960860620433,-0.8293960860620433,2.027923464416758,-0.02792346441675786
fashion_underwear_beach,121,117,120,22,15,11457.74,main_product_category,0.18333333333333332,0.1282051282051282,0.0012168019227481622,0.001513796187985963,0.0019164430816404753,0.0007157118823933737,1.244077741566216,1.5749836072843844,17.674135781824816,4.325864218175184,9.490681813470427,5.509318186529573
fixed_telephony,217,212,214,40,11,64329.26,main_product_category,0.18691588785046728,0.05188679245283019,0.0021821984895566216,0.0027523567054290234,0.0014053915932030151,0.004018350544485454,1.2612769730164402,0.6440255549294978,31.51887547758759,8.481124522412411,17.196790978254107,-6.196790978254107
flowers,28,28,27,1,1,1567.24,main_product_category,0.037037037037037035,0.03571428571428571,0.0002815739986524673,6.88089176357256e-05,0.00012776287210936502,9.789821470570907e-05,0.24437241352193534,0.4537452773366917,3.9766805509105834,-2.9766805509105834,2.271274280146769,-1.271274280146769
food,444,435,439,50,44,36269.01,main_product_category,0.11389521640091116,0.10114942528735632,0.004464959121489124,0.0034404458817862793,0.0056215663728120605,0.002265556856731266,0.7705436462403364,1.2590409497270363,64.65788006850912,-14.657880068509115,35.28586828085159,8.714131719148412
food_drink,224,218,223,13,14,19616.66,main_product_category,0.05829596412556054,0.06422018348623854,0.002252591989219738,0.0008945159292644327,0.0017886802095311103,0.0012253617777040497,0.3971051719731449,0.7940542353392105,32.84443566122445,-19.844435661224452,17.68349260971413,-3.683492609714129
furniture_bedroom,95,90,95,15,7,24846.28,main_product_category,0.15789473684210525,0.07777777777777778,0.0009553403525708712,0.0010321337645358838,0.0008943401047655552,0.0015520318866785975,1.0803833018864506,0.9361481511367533,13.992024160611312,1.0079758393886884,7.300524471900329,-0.3005244719003288
furniture_decor,6332,6190,6282,1028,533,899989.52,main_product_category,0.16364215218083414,0.08610662358642973,0.06367594855240796,0.0707355673295259,0.06809761083429156,0.056218171602210286,1.1108679012658536,1.0694400693260875,925.2410081785291,102.75899182147089,502.11384978958927,30.886150210410733
furniture_living_room,416,408,411,61,35,87665.68,main_product_category,0.14841849148418493,0.0857843137254902,0.004183385122836657,0.004197343975779261,0.004471700523827776,0.0054760684789579035,1.0033367362871768,1.0689191629566295,60.53391505275,0.46608494725000327,33.09571093928149,1.9042890607185115
furniture_mattress_and_upholstery,38,37,38,8,5,5998.54,main_product_category,0.21052631578947367,0.13513513513513514,0.0003821361410283485,0.0005504713410858048,0.0006388143605468251,0.0003747009754988286,1.4405110691819343,1.6716931270299165,5.596809664244525,2.4031903357554754,3.001326727336802,1.998673272663198
garden_tools,3476,3407,3455,452,274,582566.57,main_product_category,0.13082489146164977,0.08042265923099501,0.034955400689856295,0.031101630771347966,0.035007026957966016,0.03639023196844675,0.8897518025125469,1.001476918218383,508.8678260517062,-56.867826051706174,276.3654097307158,-2.3654097307157826
health_beauty,8802,8614,8737,1103,775,1442254.16,main_product_category,0.1262447064209683,0.08996981657766427,0.08851479771925061,0.07589623615220532,0.09901622588475789,0.09009092890424063,0.8574412200876448,1.118640367894366,1286.824369381695,-183.82436938169508,698.7413088994382,76.2586911005618
home_appliances,764,747,761,95,50,95002.11,main_product_category,0.12483574244415244,0.06693440428380187,0.007682947677517322,0.006536847175393931,0.006388143605468251,0.005934341238275817,0.8508254188067381,0.8314704034965554,112.08347774973905,-17.083477749739046,60.59435311677273,-10.59435311677273
home_appliances_2,234,227,232,30,16,123960.92,main_product_category,0.12931034482758622,0.07048458149779736,0.0023531541315956195,0.0020642675290717676,0.0020442059537498403,0.00774326380214723,0.8772343049505369,0.8687089070377687,34.16999584486131,-4.169995844861312,18.413545056904162,-2.4135450569041623
home_comfort_2,22,22,21,4,4,1131.4099999999999,main_product_category,0.19047619047619047,0.18181818181818182,0.0002212367132269386,0.0002752356705429024,0.0005110514884374601,7.067393577255958e-05,1.244077741566216,2.30997595735043,3.092973761819343,0.9070262381806571,1.784572648686747,2.215427351313253
home_confort,359,354,357,66,38,63912.75,main_product_category,0.18487394957983194,0.10734463276836158,0.003610180911294134,0.004541388563957889,0.004854989140155871,0.003992333096355573,1.2579393320014942,1.3448049445299164,52.580553950928824,13.419446049071176,28.715396256141293,9.284603743858707
home_construction,477,470,474,77,38,97109.46,main_product_category,0.16244725738396623,0.08085106382978724,0.004796814191329532,0.00529828665795087,0.004854989140155871,0.006065977619914925,1.1045428166735691,1.0121278303694758,69.81283633820802,7.187163661791985,38.12496113103505,-0.12496113103505024
housewares,5821,5680,5780,748,399,777767.36,main_product_category,0.12941176470588237,0.07024647887323944,0.05853722307700043,0.051469070391522743,0.05097738597163664,0.048583520073742704,0.8792537070612289,0.8708541897277992,851.3042068245619,-103.3042068245619,460.7442111154874,-61.74421111548742
industry_commerce_and_business,232,229,230,24,19,47170.92,main_product_category,0.10434782608695652,0.08296943231441048,0.0023330417031204435,0.0016514140232574141,0.0024274945700779355,0.0029465486166929287,0.7078373357187091,1.040484860099655,33.87542691516423,-9.875426915164233,18.575778934057503,0.424221065942497
kitchen_dining_laundry_garden_furniture,244,237,242,32,11,58215.49,main_product_category,0.1322314049586777,0.046413502109704644,0.0024537162739715008,0.002201885364343219,0.0014053915932030151,0.0036364516852671314,0.8973675512936641,0.572760432047955,35.64284049334671,-3.6428404933467107,19.224714442670866,-8.224714442670866
la_cuisine,13,13,12,2,0,2579.41,main_product_category,0.16666666666666666,0.0,0.00013073078508864553,0.0001376178352714512,0.0,0.00016112378065519833,1.0526811659406443,0.0,1.7674135781824816,0.23258642181751843,1.054520201496714,-1.054520201496714
luggage_accessories,1029,1014,1025,94,55,171199.27,main_product_category,0.09170731707317073,0.054240631163708086,0.010347844450478172,0.006468038257758205,0.007026957966015076,0.010694024458232726,0.6250614114574672,0.6790745647215795,150.96657646975365,-56.96657646975365,82.2525757167437,-27.252575716743706
market_place,274,268,272,34,13,33415.43,main_product_category,0.125,0.048507462686567165,0.002755402701099144,0.00233950319961467,0.0016609173374217453,0.00208730694764273,0.8490603564703737,0.6027856968998386,40.061374438802915,-6.061374438802915,21.739339538547647,-8.739339538547647
music,36,36,36,2,3,6620.0199999999995,main_product_category,0.05555555555555555,0.08333333333333333,0.00036202371255317223,0.0001376178352714512,0.0003832886163280951,0.0004135219489778771,0.38013486547856606,1.0587389804522807,5.3022407345474445,-3.3022407345474445,2.9202097887601317,0.07979021123986829
musical_instruments,624,607,618,80,54,210108.91,main_product_category,0.12944983818770225,0.08896210873146623,0.006275077684254986,0.005504713410858047,0.006899195093905711,0.013124529225110705,0.8772343049505369,1.099459710469676,91.0217992763978,-11.0217992763978,49.23798171603889,4.762018283961112
office_furniture,1270,1251,1260,287,115,343461.98,main_product_category,0.22777777777777777,0.09192645883293366,0.01277139208173691,0.019748159361453244,0.014692730292576978,0.0214544770815497,1.546280878001789,1.1504407819087772,185.57842570916057,101.42157429083943,101.47729015941458,13.52270984058542
party_supplies,38,37,38,7,1,5219.96,main_product_category,0.18421052631578946,0.02702702702702703,0.0003821361410283485,0.00048166242345007914,0.00012776287210936502,0.0003260666935729136,1.2604471855341925,0.3343386254059833,5.596809664244525,1.4031903357554754,3.001326727336802,-2.001326727336802
perfumery,3146,3070,3134,413,228,452713.99,main_product_category,0.13178047223994896,0.0742671009771987,0.03163684999145222,0.02841808298355467,0.029129934840935224,0.028278943488743415,0.8982589287881944,0.9207596473354861,461.5895128353248,-48.5895128353248,249.0290014303779,-21.02900143037789
pet_shop,1703,1681,1694,194,105,254150.52,main_product_category,0.11452184179456906,0.062462819750148724,0.017125732846612566,0.013348930021330764,0.013415101571483326,0.01587560435831628,0.7794662068415457,0.7833300736170719,249.49988345342697,-55.499883453426975,136.35757374738282,-31.357573747382816
security_and_services,2,2,2,1,0,324.51,main_product_category,0.5,0.0,2.0112428475176234e-05,6.88089176357256e-05,0.0,2.0270634780984183e-05,3.4212137893070946,0.0,0.29456892969708026,0.7054310703029197,0.16223387715334064,-0.16223387715334064
signaling_and_security,139,137,137,15,8,27919.82,main_product_category,0.10948905109489052,0.058394160583941604,0.0013978137790247483,0.0010321337645358838,0.0010221029768749201,0.0017440216768999962,0.7383914653180779,0.7312154109598484,20.177971684249997,-5.1779716842499965,11.113020585003834,-3.1130205850038344
small_appliances,628,607,622,86,38,206505.73,main_product_category,0.1382636655948553,0.06260296540362438,0.0063153025412053376,0.005917566916672401,0.004854989140155871,0.012899455280301158,0.9370203371987584,0.7687658838952866,91.61093713579196,-5.610937135791957,49.23798171603889,-11.237981716038888
small_appliances_home_oven_and_coffee,75,72,75,8,5,50216.42,main_product_category,0.10666666666666667,0.06944444444444445,0.0007542160678191088,0.0005504713410858048,0.0006388143605468251,0.003136786878150164,0.7298589417188468,0.8469911843618244,11.04633486364051,-3.04633486364051,5.840419577520263,-0.8404195775202634
sports_leisure,7682,7492,7631,982,583,1156001.14,main_product_category,0.12868562442668063,0.07781633742658836,0.07725183777315192,0.06757035711828253,0.0744857544397598,0.072210030246653,0.8746763710230582,0.9641939478318347,1123.9277512592098,-141.9277512592098,607.7281038164141,-24.72810381641409
stationery,2290,2243,2274,254,175,277527.87,main_product_category,0.11169744942832015,0.0780205082478823,0.02302873060407679,0.0174774650794743,0.022358502619138878,0.017335879000075365,0.7589417488943249,0.9708960082750171,334.92487306558024,-80.92487306558024,181.94529322747152,-6.945293227471524
tablets_printing_image,78,78,76,10,5,8809.35,main_product_category,0.13157894736842105,0.0641025641025641,0.0007843847105318732,0.0006880891763572559,0.0006388143605468251,0.0005502792410337525,0.8772343049505369,0.814414600347908,11.19361932848905,-1.1936193284890493,6.3271212089802855,-1.3271212089802855
telephony,4179,4073,4148,634,348,394525.87,main_product_category,0.1528447444551591,0.085440707095507,0.04202491929888074,0.04362485378105002,0.04446147949405903,0.02464420148044758,1.0380710899357253,1.0579789381116833,610.9359601917445,23.06403980825553,330.3892908227782,17.610709177221793
toys,3871,3789,3838,484,286,562909.37,main_product_category,0.12610734757686295,0.0754816574294009,0.0389276053137036,0.033303516135691186,0.036540181423278396,0.03516233784494744,0.8555243988760701,0.9386701578176768,565.277776088697,-81.27777608869701,307.3520802670038,-21.352080267003828
unknown,2207,1373,2177,876,123,373939.13,main_product_category,0.40238860817638955,0.08958485069191552,0.022194064822356977,0.060276611848895614,0.015714833269451896,0.023358243303901162,2.715888789699152,0.7080646738321549,320.63827997527187,555.3617200247281,111.37355666576835,11.626443334231652
watches_gifts,5606,5477,5559,843,468,1306632.96,main_product_category,0.15164597949271452,0.08544823808654373,0.05637513701591899,0.05800591756691667,0.05979302414718283,0.08161930148518169,1.0289273008868642,1.060627562293972,818.7543400930346,24.245659906965443,444.2774725844234,23.72252741557662
boleto,19784,19191,19636,2844,1704,2869361.27,primary_payment_type,0.1448360154817682,0.08879162107237767,0.19895214247644333,0.19569256175600358,0.21770793407435798,0.17923569183960725,0.9836162572573166,1.0942728807262552,2892.077751765934,-48.077751765933954,1556.7151682248802,147.28483177511976
credit_card,74935,72785,74351,10958,5792,12535370.24,primary_payment_type,0.14738201234684134,0.07957683588651508,0.7535624138936656,0.754008119452281,0.7400025552574422,0.7830264459630152,1.0005914646887872,0.9820056595363356,10950.747245953808,7.252754046192422,5904.09637430295,-112.0963743029497
debit_card,1527,1484,1521,198,118,217939.79,primary_payment_type,0.1301775147928994,0.07951482479784366,0.015355839140797056,0.013624165691873667,0.015076018908905073,0.013613687982910818,0.8872302950658869,0.9817776007337454,224.01967103462954,-26.01967103462954,120.37753684777876,-2.3775368477787566
not_defined,3,0,3,2,0,0.0,primary_payment_type,0.6666666666666666,,3.0168642712764353e-05,0.0001376178352714512,0.0,0.0,4.5616183857427925,0.0,0.4418533945456204,1.5581466054543796,0.0,0.0
unknown,1,1,1,1,1,0.0,primary_payment_type,1.0,1.0,1.0056214237588117e-05,6.88089176357256e-05,0.00012776287210936502,0.0,6.842427578614189,12.704867765427368,0.14728446484854013,0.8527155351514599,0.08111693857667032,0.9188830614233297
voucher,3191,3017,3161,530,212,386200.82,primary_payment_type,0.16766845934830749,0.07026847862114684,0.032089379632143686,0.036468726346934564,0.027085728887185384,0.024124174214466772,1.1364733991430649,0.8440714403856476,465.56619338623534,64.43380661376466,244.72980368581437,-32.729803685814375
high_freight_share,30395,29797,30171,4368,2418,2939071.52,freight_burden_bucket,0.14477478373272348,0.08114910897070175,0.30565863175149083,0.30055735223284935,0.30893062476044464,0.18359016787498705,0.9833105334228253,1.0107047296201144,4443.719588945304,-75.71958894530417,2417.041418769046,0.9585812309542234
low_freight_share,18665,18150,18510,2626,1514,6746816.48,freight_burden_bucket,0.14186925985953538,0.0834159779614325,0.18769923874458222,0.1806922177114154,0.19343298837357864,0.4214423370632809,0.9626688894423175,1.030547538004663,2726.235444346478,-100.23544434647783,1472.2724351665663,41.72756483343369
medium_freight_share,36062,35293,35786,4934,2761,5356201.53,freight_burden_bucket,0.13787514670541554,0.078230810642337,0.3626471978359027,0.33950319961467007,0.3527532898939568,0.3345770701302847,0.9361804024425269,0.9727175392475448,5270.721859069857,-336.7218590698567,2862.8601131864257,-101.86011318642568
unknown,776,1,757,602,1,162591.95,freight_burden_bucket,0.7952443857331571,1.0,0.007803622248368379,0.041422968416706805,0.00012776287210936502,0.010156365094382426,5.308171910213584,0.016372252275035266,111.49433989034488,490.50566010965514,0.08111693857667032,0.9188830614233297
very_high_freight_share,13543,13237,13449,2003,1133,804190.64,freight_burden_bucket,0.14893300617146257,0.0855934124046234,0.13619130941965588,0.13782426202435835,0.14475533409991057,0.050234059837064894,1.0119901380760703,1.0628823139798573,1980.8287677480162,22.171232251983838,1073.744915939385,59.25508406061499
150_300_brl,22040,21383,21841,3641,1832,4472612.57,payment_value_band,0.16670482120782015,0.08567553664125707,0.2216389617964421,0.2505332691116769,0.2340615817043567,0.2793833654534808,1.1303665523472897,1.0560488995582094,3216.839996756965,424.16000324303513,1734.5234975849414,97.47650241505858
300_plus_brl,10317,9905,10221,1992,934,6244811.68,payment_value_band,0.19489286762547695,0.09429581019687026,0.10374996228919661,0.13706736393036537,0.11933052255014692,0.3900844252605598,1.3211316988077408,1.150174129389276,1505.3945152169288,486.60548478307123,803.4632766019196,130.53672339808043
50_150_brl,50125,48690,49751,6902,3898,4665873.49,payment_value_band,0.13873087978131093,0.0800575066748819,0.5040677386591044,0.47491914952177805,0.49801967548230486,0.2914554788760471,0.942173269777459,0.9880014872745313,7327.5494106797205,-425.5494106797205,3949.583739298078,-51.583739298077944
under_50_brl,16958,16499,16859,1997,1162,625574.38,payment_value_band,0.11845305178243075,0.07042851081883751,0.1705332810410193,0.137411408518544,0.14846045739108216,0.039076730409912226,0.8057747301859024,0.8705658888681802,2483.0687928815382,-486.06879288153823,1338.3483695764837,-176.34836957648372
unknown,1,1,1,1,1,0.0,payment_value_band,1.0,1.0,1.0056214237588117e-05,6.88089176357256e-05,0.00012776287210936502,0.0,6.842427578614189,12.704867765427368,0.14728446484854013,0.8527155351514599,0.08111693857667032,0.9188830614233297
